,Archer Queen,Archers,Arrows,Baby Dragon,Balloon,Bandit,Barbarian Barrel,Barbarian Hut,Barbarians,Bats,Battle Healer,Battle Ram,Bomb Tower,Bomber,Bowler,Cannon,Cannon Cart,Clone,Dark Prince,Dart Goblin,Earthquake,Electro Dragon,Electro Giant,Electro Spirit,Electro Wizard,Elite Barbarians,Elixir Collector,Elixir Golem,Executioner,Fire Spirit,Fireball,Firecracker,Fisherman,Flying Machine,Freeze,Furnace,Giant,Giant Skeleton,Giant Snowball,Goblin Barrel,Goblin Cage,Goblin Drill,Goblin Gang,Goblin Giant,Goblin Hut,Goblins,Golden Knight,Golem,Graveyard,Guards,Heal Spirit,Hog Rider,Hunter,Ice Golem,Ice Spirit,Ice Wizard,Inferno Dragon,Inferno Tower,Knight,Lava Hound,Lightning,Lumberjack,Magic Archer,Mega Knight,Mega Minion,Mighty Miner,Miner,Mini P.E.K.K.A,Minion Horde,Minions,Mirror,Mortar,Mother Witch,Musketeer,Night Witch,P.E.K.K.A,Poison,Prince,Princess,Rage,Ram Rider,Rascals,Rocket,Royal Delivery,Royal Ghost,Royal Giant,Royal Hogs,Royal Recruits,Skeleton Army,Skeleton Barrel,Skeleton Dragons,Skeleton King,Skeletons,Sparky,Spear Goblins,Tesla,The Log,Three Musketeers,Tombstone,Tornado,Valkyrie,Wall Breakers,Witch,Wizard,X-Bow,Zap,Zappies
Archer Queen,0,1,167,37,31,178,142,0,35,163,0,64,30,174,15,601,51,4,286,3,611,3,288,491,60,85,136,0,0,848,441,14,238,3,25,8,97,397,180,6,139,49,4,9,1,15,0,17,114,160,62,322,111,78,51,0,53,23,73,3,380,30,69,98,33,0,353,166,4,80,220,326,23,4,13,42,130,28,5,7,62,0,95,309,260,229,268,13,104,5,1,0,1052,25,18,143,1299,12,41,372,396,66,0,0,196,147,50
Archers,1,0,68,7,13,4,30,1,8,31,0,1,8,4,42,10,21,0,21,0,25,0,5,128,5,1,7,0,0,51,270,0,6,2,56,4,22,36,56,5,4,5,11,3,2,3,9,6,83,11,2,35,9,21,206,6,15,49,292,0,18,2,5,4,75,4,30,14,13,7,12,122,3,9,8,9,21,1,2,2,0,5,132,27,0,6,5,3,8,13,2,11,391,6,3,278,400,0,38,82,132,4,0,0,278,41,1
Arrows,167,68,0,141,322,65,205,3,273,488,65,8,17,220,160,25,97,66,356,58,13,94,26,37,237,247,50,89,17,19,528,28,96,414,132,16,676,283,313,42,247,45,34,31,39,18,167,240,792,122,30,62,118,14,17,33,713,71,25,432,156,190,29,140,520,24,529,351,290,308,255,98,90,180,359,89,27,144,19,119,14,6,23,6,19,46,218,228,641,35,272,527,70,280,52,24,45,18,511,92,225,54,150,13,0,739,571
Baby Dragon,37,7,141,0,217,68,1088,51,49,177,78,3,20,153,288,15,78,182,216,6,16,207,284,21,173,81,59,78,3,4,327,1,50,184,305,10,11,53,74,4,317,2,5,7,8,4,302,513,485,57,39,11,14,0,4,400,304,8,47,268,697,491,7,12,412,26,112,108,4,20,105,2,15,21,391,168,339,23,0,24,68,0,8,4,10,61,2,1,229,2,16,281,28,12,5,3,45,2,561,1483,220,0,4,1,1,148,60
Balloon,31,13,322,217,0,14,395,2,296,144,1,0,88,67,247,30,8,4,38,4,11,197,14,60,113,7,8,0,51,12,491,8,57,4,401,1,15,180,248,3,40,4,15,2,1,8,42,1,17,96,7,5,83,132,25,40,614,34,12,560,41,444,10,68,339,31,417,50,74,245,55,8,7,132,8,141,3,8,6,13,0,3,2,31,6,0,3,11,126,5,327,18,164,2,7,16,56,0,356,477,163,1,13,16,0,626,18
Bandit,178,4,65,68,14,0,330,1,9,106,1,491,40,91,1,2,133,1,216,26,11,4,12,29,631,237,147,0,12,108,492,26,8,4,3,3,2,28,152,79,8,235,12,5,3,6,111,11,4,24,224,21,91,136,3,1,117,95,5,1,87,47,516,181,14,5,79,12,15,99,115,5,67,45,6,534,160,32,116,5,206,68,133,7,722,2,63,36,23,11,3,2,153,6,11,8,217,183,2,88,7,158,3,5,3,613,14
Barbarian Barrel,142,30,205,1088,395,330,0,31,27,143,25,60,91,40,309,30,215,3,289,11,40,325,295,156,372,242,244,27,10,21,436,11,87,249,319,32,3,164,231,8,546,94,5,25,27,12,683,392,458,24,273,8,234,323,16,373,456,19,57,27,662,489,196,162,396,23,241,118,15,14,125,59,227,187,213,197,420,20,6,6,219,9,9,4,380,109,376,222,13,7,89,249,122,31,21,11,9,276,518,1407,159,93,8,2,2,127,298
Barbarian Hut,0,1,3,51,2,1,31,0,1,0,41,2,1,2,0,1,6,0,5,0,0,45,4,0,0,3,1,41,1,1,32,0,0,6,4,0,0,1,4,1,0,0,0,0,2,0,19,4,7,0,26,1,0,1,0,3,4,0,1,1,2,1,1,0,3,0,0,1,0,1,6,2,4,3,5,0,6,0,0,3,0,0,1,1,2,0,5,0,2,0,2,4,2,1,0,1,7,4,0,53,1,0,0,0,1,2,2
Barbarians,35,8,273,49,296,9,27,1,0,18,0,0,4,13,15,5,13,21,13,6,21,19,5,30,12,4,28,1,4,10,244,21,10,68,27,8,66,24,19,8,18,2,6,5,9,14,9,5,46,5,8,33,36,8,3,17,151,5,8,372,28,5,9,2,224,2,204,11,49,118,54,13,11,26,22,3,12,7,14,6,0,0,7,18,4,28,34,1,20,12,257,20,14,42,8,3,29,6,212,16,10,7,8,18,13,344,33
Bats,163,31,488,177,144,106,143,0,18,0,1,17,45,37,46,30,111,195,161,153,48,3,32,84,46,33,49,1,17,94,597,52,107,164,40,8,310,252,280,36,27,63,147,122,14,33,131,52,129,294,13,155,137,156,35,13,164,38,58,152,64,219,27,324,30,29,941,407,219,10,156,567,25,497,90,30,323,139,94,54,13,15,81,51,42,82,47,12,640,151,18,267,238,232,315,39,700,29,16,106,200,269,52,14,8,683,37
Battle Healer,0,0,65,78,1,1,25,41,0,1,0,0,0,5,0,0,2,3,7,0,0,190,2,5,2,65,20,185,4,2,37,1,0,0,3,1,0,6,0,1,7,0,0,0,0,0,23,7,1,1,53,0,0,0,0,0,78,0,0,1,5,8,4,1,3,0,6,3,0,0,60,2,7,0,51,0,3,2,0,114,1,0,1,0,1,0,1,2,2,0,5,1,1,11,0,0,10,1,4,135,0,0,1,0,0,30,0
Battle Ram,64,1,8,3,0,491,60,2,0,17,0,0,1,0,0,0,18,0,47,3,1,2,0,6,433,70,57,0,6,0,304,0,4,2,1,0,12,7,12,1,3,2,22,0,0,0,32,1,0,10,66,1,21,45,2,0,8,0,0,0,8,2,384,3,2,0,25,2,37,78,10,1,8,2,1,409,105,0,0,2,0,0,0,1,454,0,0,6,1,0,2,0,1,1,1,1,23,58,0,10,0,0,1,1,0,453,2
Bomb Tower,30,8,17,20,88,40,91,1,4,45,0,1,0,1,2,1,6,0,11,25,46,0,8,22,3,0,0,0,6,52,156,1,2,3,5,0,0,47,101,23,0,61,0,0,1,9,36,0,24,16,0,59,6,73,9,19,5,0,57,1,9,0,224,0,8,3,298,10,0,2,4,1,2,106,0,0,27,1,13,0,0,3,6,11,38,0,9,2,14,19,0,4,212,1,157,1,194,5,0,246,214,257,2,0,1,17,11
Bomber,174,4,220,153,67,91,40,2,13,37,5,0,1,0,8,452,16,13,266,5,55,28,1189,108,40,154,39,5,3,546,390,6,18,7,32,2,19,33,41,10,571,365,0,4,1,7,874,306,62,124,10,17,27,8,11,15,578,347,32,44,865,136,7,14,256,14,14,101,7,55,521,4,279,11,284,36,12,33,2,8,3,0,466,11,3,10,5,1,174,5,54,72,622,4,5,109,315,6,100,1419,237,164,2,2,33,238,97
Bowler,15,42,160,288,247,1,309,0,15,46,0,0,2,8,0,9,5,1,11,8,20,161,82,7,87,7,7,18,13,1,53,4,15,0,426,20,86,6,53,23,63,7,3,4,9,1,28,1,295,29,0,13,10,8,1,57,435,40,5,0,109,247,5,0,129,6,3,17,22,14,59,5,14,16,44,12,25,1,2,1,1,16,5,3,0,14,0,0,93,4,2,63,14,13,2,2,44,2,73,519,117,0,19,4,0,35,62
Cannon,601,10,25,15,30,2,30,1,5,30,0,0,1,452,9,0,1,2,45,110,619,0,518,153,11,10,19,0,22,837,609,21,4,4,14,1,5,301,81,180,0,82,4,3,1,17,409,10,22,60,8,822,22,485,415,9,36,0,19,5,172,4,12,7,20,125,71,17,6,5,522,3,8,583,5,1,30,4,105,2,0,0,462,296,5,10,227,7,50,6,27,38,1576,1,19,1,1352,7,0,582,141,71,0,1,26,34,61
Cannon Cart,51,21,97,78,8,133,215,6,13,111,2,18,6,16,5,1,0,54,112,219,17,48,38,20,198,46,9,0,7,76,476,5,17,50,7,19,4,109,147,151,44,170,28,3,14,4,244,66,92,171,24,3,126,8,3,8,70,5,17,4,50,45,171,19,103,4,236,7,144,6,133,368,98,41,23,9,81,8,89,6,10,80,70,25,136,2,56,4,105,114,14,143,137,0,184,5,278,5,58,253,47,25,13,1,4,30,84
Clone,4,0,66,182,4,1,3,0,21,195,3,0,0,13,1,2,54,0,8,5,2,3,0,6,10,7,6,8,1,3,140,7,0,199,4,11,0,82,7,1,3,1,2,3,8,2,7,56,0,5,6,1,12,0,0,0,4,0,0,158,2,177,7,1,3,2,6,9,8,3,54,1,11,1,60,1,2,3,4,6,0,2,2,1,2,1,2,1,203,80,17,12,3,4,2,0,7,2,5,50,2,0,20,6,0,4,19
Dark Prince,286,21,356,216,38,216,289,5,13,161,7,47,11,266,11,45,112,8,0,32,27,70,404,273,493,97,99,14,29,62,363,14,135,9,62,6,345,48,209,94,298,58,28,263,8,8,103,94,216,54,85,29,99,21,8,46,227,128,5,7,505,52,69,61,398,2,335,187,54,142,163,24,160,67,52,175,62,218,88,217,66,81,221,154,30,96,28,11,120,9,36,9,263,262,79,41,324,47,57,591,10,27,74,26,2,572,66
Dart Goblin,3,0,58,6,4,26,11,0,6,153,0,3,25,5,8,110,219,5,32,0,12,3,16,81,9,14,7,0,4,250,549,6,8,2,7,1,12,35,41,482,12,265,56,23,4,13,161,2,22,219,4,19,57,20,21,2,12,412,71,0,13,7,7,14,5,31,175,25,82,4,128,197,3,1,3,8,28,63,205,1,3,89,168,53,16,19,3,13,470,275,1,320,181,10,78,39,643,0,9,52,216,291,1,1,2,31,10
Earthquake,611,25,13,16,11,11,40,0,21,48,0,1,46,55,20,619,17,2,27,12,0,27,169,179,22,13,8,17,6,675,11,121,155,6,5,1,2,468,105,10,39,10,1,4,4,10,68,4,3,55,7,546,177,72,54,13,36,40,24,0,5,4,23,9,20,5,19,48,2,2,182,36,25,148,2,13,1,6,5,1,11,1,15,344,15,128,280,3,17,2,2,15,811,26,18,121,882,7,23,212,129,10,3,2,2,10,119
Electro Dragon,3,0,94,207,197,4,325,45,19,3,190,2,0,28,161,0,48,3,70,3,27,0,15,11,7,121,123,199,8,2,77,2,5,8,186,1,24,20,2,1,24,3,0,2,2,2,72,188,6,8,63,3,2,0,3,12,225,0,0,20,25,329,5,4,93,1,44,37,1,2,105,9,10,3,89,47,6,23,0,114,2,0,1,2,3,1,0,2,8,1,84,11,6,26,0,0,22,0,16,535,6,0,2,0,0,76,7
Electro Giant,288,5,26,284,14,12,295,4,5,32,2,0,8,1189,82,518,38,0,404,16,169,15,0,137,37,17,65,0,11,263,64,15,80,14,3,8,2,46,4,3,785,4,1,0,2,4,1069,1,25,27,22,2,57,1,20,81,675,62,3,5,1171,13,14,6,169,6,13,46,5,11,766,20,386,18,15,15,19,21,0,8,2,0,377,18,15,0,0,5,33,3,34,46,575,75,2,49,197,6,172,1884,16,0,9,3,0,61,136
Electro Spirit,491,128,37,21,60,29,156,0,30,84,5,6,22,108,7,153,20,6,273,81,179,11,137,0,61,11,88,8,22,86,506,40,583,57,23,8,15,392,88,313,149,30,7,10,0,19,80,10,17,271,10,113,438,76,26,9,73,315,175,0,449,27,15,49,101,20,225,130,7,7,109,55,84,126,16,33,36,9,287,6,28,3,508,161,219,606,91,65,13,10,1,43,669,8,18,328,1441,18,49,232,378,30,0,1,270,27,266
Electro Wizard,60,5,237,173,113,631,372,0,12,46,2,433,3,40,87,11,198,10,493,9,22,7,37,61,0,177,9,14,37,38,738,21,103,5,88,8,223,274,128,18,63,274,16,208,9,0,485,13,168,35,194,55,70,7,41,26,159,64,13,3,185,65,634,140,285,11,210,224,32,117,142,20,112,15,25,710,282,151,6,234,217,0,3,3,686,105,16,8,69,12,8,38,267,324,8,15,237,2,47,529,133,8,25,13,1,946,16
Elite Barbarians,85,1,247,81,7,237,242,3,4,33,65,70,0,154,7,10,46,7,97,14,13,121,17,11,177,0,385,80,6,24,113,37,19,21,9,14,28,28,16,7,6,43,4,112,7,4,328,243,7,6,526,34,35,166,10,1,65,3,1,11,36,172,98,17,205,2,26,30,21,32,304,5,52,18,200,2,9,3,38,196,2,1,6,1,405,13,21,39,51,6,34,2,32,135,5,5,191,353,5,147,10,44,15,8,2,480,17
Elixir Collector,136,7,50,59,8,147,244,1,28,49,20,57,0,39,7,19,9,6,99,7,8,123,65,88,9,385,0,16,2,116,19,0,4,11,5,3,69,14,17,0,5,6,32,5,0,7,373,152,1,28,373,7,78,281,18,6,13,0,9,13,40,113,8,5,41,5,55,170,101,32,331,5,16,27,45,7,8,9,1,30,3,0,6,2,342,1,33,12,27,2,86,16,155,29,5,20,274,501,4,196,3,1,5,29,125,232,6
Elixir Golem,0,0,89,78,0,0,27,41,1,1,185,0,0,5,18,0,0,8,14,0,17,199,0,8,14,80,16,0,0,3,41,1,1,0,4,1,0,5,2,0,7,1,2,0,0,1,28,1,0,2,53,1,2,0,1,7,75,0,0,0,3,4,4,2,12,0,4,6,0,2,88,1,9,0,56,1,3,3,1,139,0,1,1,0,1,0,1,2,4,0,5,3,5,37,0,0,10,1,4,129,0,0,13,0,0,37,6
Executioner,0,0,17,3,51,12,10,1,4,17,4,6,6,3,13,22,7,1,29,4,6,8,11,22,37,6,2,0,0,1,12,2,2,0,33,2,4,19,6,7,3,5,3,3,2,79,25,9,31,20,1,109,1,0,88,2,25,7,6,0,19,18,0,15,8,4,41,10,2,6,32,4,0,1,4,64,5,10,1,3,4,0,93,2,7,9,0,2,19,1,2,1,44,6,5,10,108,4,6,222,121,1,1,0,5,80,4
Fire Spirit,848,51,19,4,12,108,21,1,10,94,2,0,52,546,1,837,76,3,62,250,675,2,263,86,38,24,116,3,1,0,784,59,28,2,7,2,7,336,98,239,167,538,17,5,6,19,300,4,6,324,20,522,87,161,26,4,178,492,102,1,192,7,52,8,10,108,428,167,7,8,165,364,17,286,2,9,149,10,157,7,1,3,460,343,14,19,239,3,165,20,1,93,1486,2,36,215,1710,16,17,377,731,311,1,1,150,48,20
Fireball,441,270,528,327,491,492,436,32,244,597,37,304,156,390,53,609,476,140,363,549,11,77,64,506,738,113,19,41,12,784,0,36,526,300,15,51,250,493,106,210,253,644,105,78,23,41,377,97,360,609,113,590,308,551,550,54,632,491,343,597,3,246,491,118,609,85,1007,257,248,256,274,729,462,682,144,433,2,166,73,14,155,65,2,39,422,520,260,150,868,140,260,873,1279,112,478,385,2382,28,741,505,940,609,30,12,283,1238,755
Firecracker,14,0,28,1,8,26,11,0,21,52,1,0,1,6,4,21,5,7,14,6,121,2,15,40,21,37,0,1,2,59,36,0,30,2,2,1,1,64,12,22,15,29,7,3,3,6,19,2,0,14,2,131,22,23,41,0,6,15,15,0,24,6,3,24,5,5,6,27,7,5,50,13,25,1,2,8,2,4,21,5,6,1,19,32,24,50,28,23,57,17,1,27,133,1,12,81,147,0,6,35,87,24,4,0,8,23,34
Fisherman,238,6,96,50,57,8,87,0,10,107,0,4,2,18,15,4,17,0,135,8,155,5,80,583,103,19,4,1,2,28,526,30,0,11,14,5,28,493,77,6,53,8,2,12,2,3,83,32,48,27,12,11,574,8,4,3,49,6,0,11,423,7,24,28,107,7,55,30,5,22,80,6,387,19,37,26,25,4,0,6,15,2,4,14,218,946,44,11,191,3,9,323,166,30,21,1,879,10,155,97,7,5,11,0,1,61,556
Flying Machine,3,2,414,184,4,4,249,6,68,164,0,2,3,7,0,4,50,199,9,2,6,8,14,57,5,21,11,0,0,2,300,2,11,0,2,20,2,40,16,1,270,2,0,2,17,1,141,31,3,18,7,1,9,1,2,0,45,3,0,344,15,149,3,12,118,11,190,12,5,3,58,0,85,1,46,5,17,0,0,1,4,1,0,0,5,0,273,274,173,43,149,110,7,1,1,0,16,4,180,38,23,0,9,1,0,21,299
Freeze,25,56,132,305,401,3,319,4,27,40,3,1,5,32,426,14,7,4,62,7,5,186,3,23,88,9,5,4,33,7,15,2,14,2,0,3,15,74,39,4,10,0,4,7,6,11,29,0,322,31,6,46,27,11,6,68,479,46,12,16,3,346,3,23,83,19,10,30,25,35,32,10,7,18,3,120,3,16,18,2,0,1,1,20,6,1,2,4,86,2,11,62,29,4,5,4,23,8,46,522,159,1,22,17,0,69,64
Furnace,8,4,16,10,1,3,32,0,8,8,1,0,0,2,20,1,19,11,6,1,1,1,8,8,8,14,3,1,2,2,51,1,5,20,3,0,4,31,1,23,0,2,1,2,14,0,6,2,11,7,1,2,3,1,1,3,10,3,3,0,20,14,2,5,19,4,10,5,23,4,39,0,18,6,0,2,11,0,3,1,0,16,2,1,3,20,2,2,12,11,1,7,10,2,3,0,28,3,2,14,7,0,3,2,0,6,10
Giant,97,22,676,11,15,2,3,0,66,310,0,12,0,19,86,5,4,0,345,12,2,24,2,15,223,28,69,0,4,7,250,1,28,2,15,4,0,5,230,6,4,0,24,1,2,4,26,0,334,34,72,9,52,2,13,5,68,2,2,0,35,6,6,5,249,1,189,398,245,216,130,1,5,128,93,0,17,158,4,58,0,1,6,0,1,0,0,0,372,0,4,72,35,357,15,1,74,30,17,85,10,0,114,31,0,625,43
Giant Skeleton,397,36,283,53,180,28,164,1,24,252,6,7,47,33,6,301,109,82,48,35,468,20,46,392,274,28,14,5,19,336,493,64,493,40,74,31,5,0,214,101,32,244,8,5,15,8,292,20,265,160,17,400,429,4,31,31,207,32,13,1,172,66,271,10,65,4,234,29,50,26,204,145,171,288,16,4,132,5,17,18,13,1,16,24,246,438,38,3,204,81,18,254,572,71,11,62,918,13,275,511,20,14,37,17,9,78,580
Giant Snowball,180,56,313,74,248,152,231,4,19,280,0,12,101,41,53,81,147,7,209,41,105,2,4,88,128,16,17,2,6,98,106,12,77,16,39,1,230,214,0,82,33,59,16,27,3,16,109,12,318,86,10,113,117,126,25,3,133,47,30,44,123,41,63,88,99,6,300,78,5,159,47,107,29,312,58,77,115,13,72,3,112,70,69,46,56,4,38,13,249,15,2,70,284,27,46,20,62,9,63,42,128,37,50,2,12,5,59
Goblin Barrel,6,5,42,4,3,79,8,1,8,36,1,1,23,10,23,180,151,1,94,482,10,1,3,313,18,7,0,0,7,239,210,22,6,1,4,23,6,101,82,0,12,6,107,12,4,20,167,0,1,456,0,31,125,6,166,1,8,513,152,0,11,1,8,22,2,91,24,17,51,10,213,11,24,8,1,8,11,72,843,5,4,183,735,54,12,29,0,0,279,205,1,84,252,37,36,140,963,0,3,77,491,55,0,10,0,35,40
Goblin Cage,139,4,247,317,40,8,546,0,18,27,7,3,0,571,63,0,44,3,298,12,39,24,785,149,63,6,5,7,3,167,253,15,53,270,10,0,4,32,33,12,0,7,7,10,3,9,623,96,65,20,8,11,51,26,2,57,570,0,8,40,894,28,18,23,250,13,57,10,1,7,65,0,422,18,53,11,45,8,1,3,4,0,11,20,10,65,313,276,10,8,28,25,109,3,19,0,87,14,0,936,20,5,1,0,1,43,304
Goblin Drill,49,5,45,2,4,235,94,0,2,63,0,2,61,365,7,82,170,1,58,265,10,3,4,30,274,43,6,1,5,538,644,29,8,2,0,2,0,244,59,6,7,0,18,6,4,13,403,1,0,204,7,5,48,12,10,8,34,544,9,1,4,3,465,40,9,36,6,10,11,10,41,40,23,22,0,13,18,10,44,5,4,4,138,25,334,0,2,44,297,17,2,202,523,6,30,87,556,9,54,489,385,573,4,1,0,39,77
Goblin Gang,4,11,34,5,15,12,5,0,6,147,0,22,0,0,3,4,28,2,28,56,1,0,1,7,16,4,32,2,3,17,105,7,2,0,4,1,24,8,16,107,7,18,0,29,3,12,12,7,11,1,0,22,2,35,51,1,71,60,65,8,10,8,3,67,8,5,89,25,45,11,9,45,2,8,9,3,5,32,109,2,1,24,83,1,7,6,23,5,29,84,3,15,1,9,88,18,133,26,1,17,24,6,1,5,0,140,2
Goblin Giant,9,3,31,7,2,5,25,0,5,122,0,0,0,4,4,3,3,3,263,23,4,2,0,10,208,112,5,0,3,5,78,3,12,2,7,2,1,5,27,12,10,6,29,0,4,26,82,0,8,23,154,0,29,0,0,2,4,3,1,0,42,8,1,2,193,3,39,226,25,42,67,4,70,25,2,0,9,46,2,308,0,1,10,3,5,0,0,0,9,1,6,4,10,389,106,1,20,1,6,21,4,0,3,8,1,408,41
Goblin Hut,1,2,39,8,1,3,27,2,9,14,0,0,1,1,9,1,14,8,8,4,4,2,2,0,9,7,0,0,2,6,23,3,2,17,6,14,2,15,3,4,3,4,3,4,0,4,9,3,28,2,1,4,2,0,0,2,11,0,3,5,4,2,2,15,9,3,13,2,5,4,7,7,12,7,3,4,12,4,0,1,2,2,1,3,3,3,6,0,16,7,5,12,3,0,4,1,13,0,0,13,11,0,17,0,1,10,13
Goblins,15,3,18,4,8,6,12,0,14,33,0,0,9,7,1,17,4,2,8,13,10,2,4,19,0,4,7,1,79,19,41,6,3,1,11,0,4,8,16,20,9,13,12,26,4,0,7,2,8,1,2,105,8,10,76,9,5,10,10,3,11,5,5,11,8,1,35,9,5,10,14,22,1,27,0,3,11,8,12,1,1,2,94,7,2,5,4,2,0,5,3,3,5,4,38,17,121,6,1,107,101,19,0,3,3,37,2
Golden Knight,0,9,167,302,42,111,683,19,9,131,23,32,36,874,28,409,244,7,103,161,68,72,1069,80,485,328,373,28,25,300,377,19,83,141,29,6,26,292,109,167,623,403,12,82,9,7,0,144,51,119,392,28,275,241,28,53,533,180,0,9,782,38,431,57,201,0,172,82,37,38,789,87,412,72,57,126,119,12,63,82,113,13,397,83,624,22,271,149,50,63,63,0,681,106,62,67,628,426,145,1682,5,74,8,3,10,249,336
Golem,17,6,240,513,1,11,392,4,5,52,7,1,0,306,1,10,66,56,94,2,4,188,1,10,13,243,152,1,9,4,97,2,32,31,0,2,0,20,12,0,96,1,7,0,3,2,144,0,10,12,15,0,15,1,2,18,19,1,1,3,408,335,1,2,441,0,5,154,14,8,34,0,3,9,649,0,20,34,0,2,0,0,4,0,2,4,2,2,120,6,111,155,8,2,3,0,20,14,132,628,7,0,4,6,1,259,16
Graveyard,114,83,792,485,17,4,458,7,46,129,1,0,24,62,295,22,92,0,216,22,3,6,25,17,168,7,1,0,31,6,360,0,48,3,322,11,334,265,318,1,65,0,11,8,28,8,51,10,0,47,0,2,98,19,1,348,538,52,78,1,6,1,7,30,161,32,3,50,7,128,15,50,19,121,61,78,416,16,5,0,1,4,5,24,0,0,0,6,341,3,3,537,49,42,23,11,26,0,632,596,370,0,105,5,0,70,379
Guards,160,11,122,57,96,24,24,0,5,294,1,10,16,124,29,60,171,5,54,219,55,8,27,271,35,6,28,2,20,324,609,14,27,18,31,7,34,160,86,456,20,204,1,23,2,1,119,12,47,0,8,99,46,26,107,3,103,456,55,100,57,12,29,30,84,20,550,34,166,54,49,515,4,247,14,13,199,56,399,3,3,53,418,56,7,23,16,0,18,58,34,22,9,13,142,114,1013,28,77,112,668,159,3,4,1,174,14
Heal Spirit,62,2,30,39,7,224,273,26,8,13,53,66,0,10,0,8,24,6,85,4,7,63,22,10,194,526,373,53,1,20,113,2,12,7,6,1,72,17,10,0,8,7,0,154,1,2,392,15,0,8,0,2,153,285,11,1,29,0,2,7,11,24,84,5,60,1,12,149,16,15,240,1,71,10,13,4,4,1,2,186,10,0,4,2,486,4,149,6,1,0,12,4,22,224,2,3,210,499,2,132,1,2,1,1,0,357,11
Hog Rider,322,35,62,11,5,21,8,1,33,155,0,1,59,17,13,822,3,1,29,19,546,3,2,113,55,34,7,1,109,522,590,131,11,1,46,2,9,400,113,31,11,5,22,0,4,105,28,0,2,99,2,0,10,569,536,22,45,69,49,1,61,7,19,52,14,5,22,117,54,43,39,42,4,646,2,27,8,18,83,4,0,3,171,74,8,13,0,0,60,0,2,3,1040,6,32,137,1186,8,15,159,277,0,14,23,0,131,5
Hunter,111,9,118,14,83,91,234,0,36,137,0,21,6,27,10,22,126,12,99,57,177,2,57,438,70,35,78,2,1,87,308,22,574,9,27,3,52,429,117,125,51,48,2,29,2,8,275,15,98,46,153,10,0,254,19,2,18,7,16,0,266,24,43,43,70,13,130,65,3,19,200,35,40,5,11,21,48,14,28,7,8,5,17,63,308,487,228,20,92,17,4,127,217,99,33,5,643,226,58,121,35,48,1,0,19,86,246
Ice Golem,78,21,14,0,132,136,323,1,8,156,0,45,73,8,8,485,8,0,21,20,72,0,1,76,7,166,281,0,0,161,551,23,8,1,11,1,2,4,126,6,26,12,35,0,0,10,241,1,19,26,285,569,254,0,413,4,59,18,1,0,11,51,48,16,32,4,186,166,43,24,47,11,8,549,1,7,28,2,71,0,24,3,72,19,293,0,213,0,3,0,1,3,675,1,8,28,816,408,13,14,9,30,0,0,66,115,2
Ice Spirit,51,206,17,4,25,3,16,0,3,35,0,2,9,11,1,415,3,0,8,21,54,3,20,26,41,10,18,1,88,26,550,41,4,2,6,1,13,31,25,166,2,10,51,0,0,76,28,2,1,107,11,536,19,413,0,6,7,138,219,1,27,12,8,3,9,4,100,37,10,7,24,103,7,414,4,8,65,2,167,5,1,3,339,12,4,5,6,4,6,1,2,1,792,1,11,241,1013,11,0,194,337,14,1,2,153,35,3
Ice Wizard,0,6,33,400,40,1,373,3,17,13,0,0,19,15,57,9,8,0,46,2,13,12,81,9,26,1,6,7,2,4,54,0,3,0,68,3,5,31,3,1,57,8,1,2,2,9,53,18,348,3,1,22,2,4,6,0,68,7,77,2,74,26,4,2,31,12,26,15,9,6,22,12,1,4,11,29,288,7,6,0,1,0,119,3,0,23,5,0,21,0,1,114,127,14,3,108,140,0,293,595,220,3,1,3,95,36,7
Inferno Dragon,53,15,713,304,614,117,456,4,151,164,78,8,5,578,435,36,70,4,227,12,36,225,675,73,159,65,13,75,25,178,632,6,49,45,479,10,68,207,133,8,570,34,71,4,11,5,533,19,538,103,29,45,18,59,7,68,0,4,8,359,694,326,55,256,72,20,338,60,12,146,127,32,345,16,66,51,86,50,5,70,109,1,11,16,38,18,12,10,209,72,158,375,82,17,50,3,52,2,490,1161,240,20,50,6,1,473,299
Inferno Tower,23,49,71,8,34,95,19,0,5,38,0,0,0,347,40,0,5,0,128,412,40,0,62,315,64,3,0,0,7,492,491,15,6,3,46,3,2,32,47,513,0,544,60,3,0,10,180,1,52,456,0,69,7,18,138,7,4,0,104,1,14,9,41,5,33,6,265,6,26,7,36,2,0,18,1,1,92,8,418,2,0,3,618,199,3,6,1,2,396,148,3,174,488,2,22,1,1094,0,2,133,718,403,3,5,4,26,8
Knight,73,292,25,47,12,5,57,1,8,58,0,0,57,32,5,19,17,0,5,71,24,0,3,175,13,1,9,0,6,102,343,15,0,0,12,3,2,13,30,152,8,9,65,1,3,10,0,1,78,55,2,49,16,1,219,77,8,104,0,0,5,3,16,2,18,1,82,1,4,10,15,123,3,50,0,5,70,0,135,0,1,3,233,33,0,5,2,1,57,79,1,0,457,2,72,396,650,2,33,156,1,35,0,9,343,29,1
Lava Hound,3,0,432,268,560,1,27,1,372,152,1,0,1,44,0,5,4,158,7,0,0,20,5,0,3,11,13,0,0,1,597,0,11,344,16,0,0,1,44,0,40,1,8,0,5,3,9,3,1,100,7,1,0,0,1,2,359,1,0,0,29,151,2,7,454,33,419,45,41,214,37,0,0,1,45,1,23,1,1,0,0,0,0,0,0,1,0,1,220,0,484,112,11,0,2,0,8,2,553,9,111,0,0,1,0,504,2
Lightning,380,18,156,697,41,87,662,2,28,64,5,8,9,865,109,172,50,2,505,13,5,25,1171,449,185,36,40,3,19,192,3,24,423,15,3,20,35,172,123,11,894,4,10,42,4,11,782,408,6,57,11,61,266,11,27,74,694,14,5,29,0,83,22,74,453,8,17,138,15,34,283,21,408,42,342,101,3,39,8,5,109,1,5,15,181,409,6,5,56,3,71,196,243,55,12,21,438,3,346,1577,55,5,9,8,0,65,167
Lumberjack,30,2,190,491,444,47,489,1,5,219,8,2,0,136,247,4,45,177,52,7,4,329,13,27,65,172,113,4,18,7,246,6,7,149,346,14,6,66,41,1,28,3,8,8,2,5,38,335,1,12,24,7,24,51,12,26,326,9,3,151,83,0,37,30,237,2,8,33,37,12,45,0,3,28,203,86,9,6,1,0,52,0,2,6,12,29,1,5,197,7,77,4,15,8,6,3,38,4,15,569,17,0,12,11,0,222,8
Magic Archer,69,5,29,7,10,516,196,1,9,27,4,384,224,7,5,12,171,7,69,7,23,5,14,15,634,98,8,4,0,52,491,3,24,3,3,2,6,271,63,8,18,465,3,1,2,5,431,1,7,29,84,19,43,48,8,4,55,41,16,2,22,37,0,17,6,2,208,32,21,5,43,29,28,3,6,339,68,4,12,4,64,0,6,15,681,1,52,27,33,9,6,23,340,3,130,27,248,11,56,653,209,263,2,0,0,344,89
Mega Knight,98,4,140,12,68,181,162,0,2,324,1,3,0,14,0,7,19,1,61,14,9,4,6,49,140,17,5,2,15,8,118,24,28,12,23,5,5,10,88,22,23,40,67,2,15,11,57,2,30,30,5,52,43,16,3,2,256,5,2,7,74,30,17,0,23,4,232,100,9,36,55,2,24,125,14,16,61,101,9,13,100,0,4,3,52,18,21,2,57,74,1,13,9,8,58,7,15,5,5,33,12,176,20,8,0,364,31
Mega Minion,33,75,520,412,339,14,396,3,224,30,3,2,8,256,129,20,103,3,398,5,20,93,169,101,285,205,41,12,8,10,609,5,107,118,83,19,249,65,99,2,250,9,8,193,9,8,201,441,161,84,60,14,70,32,9,31,72,33,18,454,453,237,6,23,0,32,402,313,7,83,72,46,105,39,339,26,111,164,0,152,1,1,16,22,13,115,11,2,71,3,307,115,76,229,27,13,172,1,509,485,107,1,10,3,7,919,45
Mighty Miner,0,4,24,26,31,5,23,0,2,29,0,0,3,14,6,125,4,2,2,31,5,1,6,20,11,2,5,0,4,108,85,5,7,11,19,4,1,4,6,91,13,36,5,3,3,1,0,0,32,20,1,5,13,4,4,12,20,6,1,33,8,2,2,4,32,0,27,2,4,3,20,12,4,16,1,0,21,0,75,2,0,1,91,10,11,8,9,14,15,11,26,0,122,2,13,5,143,3,44,23,1,44,0,0,3,34,14
Miner,353,30,529,112,417,79,241,0,204,941,6,25,298,14,3,71,236,6,335,175,19,44,13,225,210,26,55,4,41,428,1007,6,55,190,10,10,189,234,300,24,57,6,89,39,13,35,172,5,3,550,12,22,130,186,100,26,338,265,82,419,17,8,208,232,402,27,0,161,296,118,74,1039,5,665,59,46,604,200,37,13,3,20,199,251,26,13,0,11,278,58,249,319,813,33,458,109,1413,58,233,292,749,461,11,16,1,750,27
Mini P.E.K.K.A,166,14,351,108,50,12,118,1,11,407,3,2,10,101,17,17,7,9,187,25,48,37,46,130,224,30,170,6,10,167,257,27,30,12,30,5,398,29,78,17,10,10,25,226,2,9,82,154,50,34,149,117,65,166,37,15,60,6,1,45,138,33,32,100,313,2,161,0,201,131,213,6,76,163,150,5,24,6,94,258,9,4,81,17,6,42,47,3,172,3,25,12,191,497,20,11,325,23,46,236,19,85,44,27,108,754,47
Minion Horde,4,13,290,4,74,15,15,0,49,219,0,37,0,7,22,6,144,8,54,82,2,1,5,7,32,21,101,0,2,7,248,7,5,5,25,23,245,50,5,51,1,11,45,25,5,5,37,14,7,166,16,54,3,43,10,9,12,26,4,41,15,37,21,9,7,4,296,201,0,90,133,196,3,10,11,3,8,9,39,31,3,23,6,5,12,9,3,0,213,6,9,58,23,229,130,0,200,76,4,35,17,2,19,29,0,320,4
Minions,80,7,308,20,245,99,14,1,118,10,0,78,2,55,14,5,6,3,142,4,2,2,11,7,117,32,32,2,6,8,256,5,22,3,35,4,216,26,159,10,7,10,11,42,4,10,38,8,128,54,15,43,19,24,7,6,146,7,10,214,34,12,5,36,83,3,118,131,90,0,37,7,2,61,23,95,57,29,18,37,10,0,1,7,74,30,2,1,201,3,10,25,22,99,11,4,39,12,120,19,57,15,26,24,2,426,9
Mirror,220,12,255,105,55,115,125,6,54,156,60,10,4,521,59,522,133,54,163,128,182,105,766,109,142,304,331,88,32,165,274,50,80,58,32,39,130,204,47,213,65,41,9,67,7,14,789,34,15,49,240,39,200,47,24,22,127,36,15,37,283,45,43,55,72,20,74,213,133,37,0,25,91,40,54,44,29,30,54,125,6,58,357,55,201,32,66,30,185,63,52,135,488,282,18,42,337,239,56,977,33,27,30,18,19,346,165
Mortar,326,122,98,2,8,5,59,2,13,567,2,1,1,4,5,3,368,1,24,197,36,9,20,55,20,5,5,1,4,364,729,13,6,0,10,0,1,145,107,11,0,40,45,4,7,22,87,0,50,515,1,42,35,11,103,12,32,2,123,0,21,0,29,2,46,12,1039,6,196,7,25,0,31,494,0,3,429,9,10,1,0,24,119,52,1,3,29,0,259,94,1,278,445,3,313,4,1032,1,1,147,531,12,0,0,10,43,27
Mother Witch,23,3,90,15,7,67,227,4,11,25,7,8,2,279,14,8,98,11,160,3,25,10,386,84,112,52,16,9,0,17,462,25,387,85,7,18,5,171,29,24,422,23,2,70,12,1,412,3,19,4,71,4,40,8,7,1,345,0,3,0,408,3,28,24,105,4,5,76,3,2,91,31,0,4,16,75,29,4,0,78,66,0,4,1,54,353,123,80,178,17,10,279,55,90,9,0,350,12,136,407,4,0,0,0,0,89,447
Musketeer,4,9,180,21,132,45,187,3,26,497,0,2,106,11,16,583,41,1,67,1,148,3,18,126,15,18,27,0,1,286,682,1,19,1,18,6,128,288,312,8,18,22,8,25,7,27,72,9,121,247,10,646,5,549,414,4,16,18,50,1,42,28,3,125,39,16,665,163,10,61,40,494,4,0,13,11,334,43,3,11,1,0,30,42,6,12,17,7,178,15,3,133,844,42,55,38,1064,1,28,51,221,123,5,1,26,207,17
Night Witch,13,8,359,391,8,6,213,5,22,90,51,1,0,284,44,5,23,60,52,3,2,89,15,16,25,200,45,56,4,2,144,2,37,46,3,0,93,16,58,1,53,0,9,2,3,0,57,649,61,14,13,2,11,1,4,11,66,1,0,45,342,203,6,14,339,1,59,150,11,23,54,0,16,13,0,2,29,29,2,49,1,0,5,0,0,0,1,1,156,10,42,169,9,6,2,0,21,0,146,416,5,0,6,6,0,290,18
P.E.K.K.A,42,9,89,168,141,534,197,0,3,30,0,409,0,36,12,1,9,1,175,8,13,47,15,33,710,2,7,1,64,9,433,8,26,5,120,2,0,4,77,8,11,13,3,0,4,3,126,0,78,13,4,27,21,7,8,29,51,1,5,1,101,86,339,16,26,0,46,5,3,95,44,3,75,11,2,0,152,12,4,15,174,3,9,3,427,5,8,3,11,5,4,8,25,1,3,14,45,8,7,218,21,4,5,18,5,528,25
Poison,130,21,27,339,3,160,420,6,12,323,3,105,27,12,25,30,81,2,62,28,1,6,19,36,282,9,8,3,5,149,2,2,25,17,3,11,17,132,115,11,45,18,5,9,12,11,119,20,416,199,4,8,48,28,65,288,86,92,70,23,3,9,68,61,111,21,604,24,8,57,29,429,29,334,29,152,0,15,5,4,57,6,12,52,112,6,21,8,114,9,10,262,250,1,52,44,558,8,336,346,378,48,5,2,0,146,51
Prince,28,1,144,23,8,32,20,0,7,139,2,0,1,33,1,4,8,3,218,63,6,23,21,9,151,3,9,3,10,10,166,4,4,0,16,0,158,5,13,72,8,10,32,46,4,8,12,34,16,56,1,18,14,2,2,7,50,8,0,1,39,6,4,101,164,0,200,6,9,29,30,9,4,43,29,12,15,0,68,17,1,56,45,5,16,14,0,1,33,12,15,6,10,9,49,4,87,3,4,54,15,56,7,3,0,316,7
Princess,5,2,19,0,6,116,6,0,14,94,0,0,13,2,2,105,89,4,88,205,5,0,0,287,6,38,1,1,1,157,73,21,0,0,18,3,4,17,72,843,1,44,109,2,0,12,63,0,5,399,2,83,28,71,167,6,5,418,135,1,8,1,12,9,0,75,37,94,39,18,54,10,0,3,2,4,5,68,0,2,1,145,687,13,38,16,21,36,145,114,1,17,171,6,18,131,835,0,3,32,409,65,6,1,1,19,5
Rage,7,2,119,24,13,5,6,3,6,54,114,2,0,8,1,2,6,6,217,1,1,114,8,6,234,196,30,139,3,7,14,5,6,1,2,1,58,18,3,5,3,5,2,308,1,1,82,2,0,3,186,4,7,0,5,0,70,2,0,0,5,0,4,13,152,2,13,258,31,37,125,1,78,11,49,15,4,17,2,0,1,2,3,2,1,1,0,1,15,1,6,6,11,363,6,0,6,2,2,79,9,4,51,25,1,390,43
Ram Rider,62,0,14,68,0,206,219,0,0,13,1,0,0,3,1,0,10,0,66,3,11,2,2,28,217,2,3,0,4,1,155,6,15,4,0,0,0,13,112,4,4,4,1,0,2,1,113,0,1,3,10,0,8,24,1,1,109,0,1,0,109,52,64,100,1,0,3,9,3,10,6,0,66,1,1,174,57,1,1,1,0,0,1,2,82,0,0,0,6,1,1,1,2,0,1,0,20,1,0,14,4,0,0,0,0,52,12
Rascals,0,5,6,0,3,68,9,0,0,15,0,0,3,0,16,0,80,2,81,89,1,0,0,3,0,1,0,1,0,3,65,1,2,1,1,16,1,1,70,183,0,4,24,1,2,2,13,0,4,53,0,3,5,3,3,0,1,3,3,0,1,0,0,0,1,1,20,4,23,0,58,24,0,0,0,3,6,56,145,2,0,0,116,1,8,0,1,0,27,26,0,22,6,0,22,0,113,0,1,5,3,10,0,0,0,3,2
Rocket,95,132,23,8,2,133,9,1,7,81,1,0,6,466,5,462,70,2,221,168,15,1,377,508,3,6,6,1,93,460,2,19,4,0,1,2,6,16,69,735,11,138,83,10,1,94,397,4,5,418,4,171,17,72,339,119,11,618,233,0,5,2,6,4,16,91,199,81,6,1,357,119,4,30,5,9,12,45,687,3,1,116,0,193,6,8,2,9,26,19,3,13,1127,11,31,447,1567,2,8,762,743,36,0,3,235,17,21
Royal Delivery,309,27,6,4,31,7,4,1,18,51,0,1,11,11,3,296,25,1,154,53,344,2,18,161,3,1,2,0,2,343,39,32,14,0,20,1,0,24,46,54,20,25,1,3,3,7,83,0,24,56,2,74,63,19,12,3,16,199,33,0,15,6,15,3,22,10,251,17,5,7,55,52,1,42,0,3,52,5,13,2,2,1,193,0,3,4,266,3,16,40,2,10,526,0,26,89,603,0,4,37,78,26,2,0,20,4,6
Royal Ghost,260,0,19,10,6,722,380,2,4,42,1,454,38,3,0,5,136,2,30,16,15,3,15,219,686,405,342,1,7,14,422,24,218,5,6,3,1,246,56,12,10,334,7,5,3,2,624,2,0,7,486,8,308,293,4,0,38,3,0,0,181,12,681,52,13,11,26,6,12,74,201,1,54,6,0,427,112,16,38,1,82,8,6,3,0,209,154,34,4,7,4,4,269,3,5,5,416,477,14,301,3,88,2,2,0,518,37
Royal Giant,229,6,46,61,0,2,109,0,28,82,0,0,0,10,14,10,2,1,96,19,128,1,0,606,105,13,1,0,9,19,520,50,946,0,1,20,0,438,4,29,65,0,6,0,3,5,22,4,0,23,4,13,487,0,5,23,18,6,5,1,409,29,1,18,115,8,13,42,9,30,32,3,353,12,0,5,6,14,16,1,0,0,8,4,209,0,0,1,210,7,4,313,138,8,9,6,918,1,159,50,23,3,1,5,1,41,506
Royal Hogs,268,5,218,2,3,63,376,5,34,47,1,0,9,5,0,227,56,2,28,3,280,0,0,91,16,21,33,1,0,239,260,28,44,273,2,2,0,38,38,0,313,2,23,0,6,4,271,2,0,16,149,0,228,213,6,5,12,1,2,0,6,1,52,21,11,9,0,47,3,2,66,29,123,17,1,8,21,0,21,0,0,1,2,266,154,0,0,283,7,1,14,16,286,0,17,2,391,213,15,9,16,2,1,1,0,22,326
Royal Recruits,13,3,228,1,11,36,222,0,1,12,2,6,2,1,0,7,4,1,11,13,3,2,5,65,8,39,12,2,2,3,150,23,11,274,4,2,0,3,13,0,276,44,5,0,0,2,149,2,6,0,6,0,20,0,4,0,10,2,1,1,5,5,27,2,2,14,11,3,0,1,30,0,80,7,1,3,8,1,36,1,0,0,9,3,34,1,283,0,3,14,3,18,6,0,12,0,25,11,12,12,2,60,0,0,0,7,297
Skeleton Army,104,8,641,229,126,23,13,2,20,640,2,1,14,174,93,50,105,203,120,470,17,8,33,13,69,51,27,4,19,165,868,57,191,173,86,12,372,204,249,279,10,297,29,9,16,0,50,120,341,18,1,60,92,3,6,21,209,396,57,220,56,197,33,57,71,15,278,172,213,201,185,259,178,178,156,11,114,33,145,15,6,27,26,16,4,210,7,3,0,234,25,859,10,181,110,23,627,5,30,165,160,237,96,26,1,280,231
Skeleton Barrel,5,13,35,2,5,11,7,0,12,151,0,0,19,5,4,6,114,80,9,275,2,1,3,10,12,6,2,0,1,20,140,17,3,43,2,11,0,81,15,205,8,17,84,1,7,5,63,6,3,58,0,0,17,0,1,0,72,148,79,0,3,7,9,74,3,11,58,3,6,3,63,94,17,15,10,5,9,12,114,1,1,26,19,40,7,7,1,14,234,0,8,117,21,4,134,8,198,0,5,45,54,15,19,1,0,73,22
Skeleton Dragons,1,2,272,16,327,3,89,2,257,18,5,2,0,54,2,27,14,17,36,1,2,84,34,1,8,34,86,5,2,1,260,1,9,149,11,1,4,18,2,1,28,2,3,6,5,3,63,111,3,34,12,2,4,1,2,1,158,3,1,484,71,77,6,1,307,26,249,25,9,10,52,1,10,3,42,4,10,15,1,6,1,0,3,2,4,4,14,3,25,8,0,90,16,12,5,0,13,1,356,160,56,0,2,0,0,306,5
Skeleton King,0,11,527,281,18,2,249,4,20,267,1,0,4,72,63,38,143,12,9,320,15,11,46,43,38,2,16,3,1,93,873,27,323,110,62,7,72,254,70,84,25,202,15,4,12,3,0,155,537,22,4,3,127,3,1,114,375,174,0,112,196,4,23,13,115,0,319,12,58,25,135,278,279,133,169,8,262,6,17,6,1,22,13,10,4,313,16,18,859,117,90,0,27,57,109,9,597,7,751,361,56,156,54,0,1,49,591
Skeletons,1052,391,70,28,164,153,122,2,14,238,1,1,212,622,14,1576,137,3,263,181,811,6,575,669,267,32,155,5,44,1486,1279,133,166,7,29,10,35,572,284,252,109,523,1,10,3,5,681,8,49,9,22,1040,217,675,792,127,82,488,457,11,243,15,340,9,76,122,813,191,23,22,488,445,55,844,9,25,250,10,171,11,2,6,1127,526,269,138,286,6,10,21,16,27,0,2,29,803,3234,37,18,1216,938,240,3,4,594,92,37
Sparky,25,6,280,12,2,6,31,1,42,232,11,1,1,4,13,1,0,4,262,10,26,26,75,8,324,135,29,37,6,2,112,1,30,1,4,2,357,71,27,37,3,6,9,389,0,4,106,2,42,13,224,6,99,1,1,14,17,2,2,0,55,8,3,8,229,2,33,497,229,99,282,3,90,42,6,1,1,9,6,363,0,0,11,0,3,8,0,0,181,4,12,57,2,0,38,1,12,0,1,197,2,1,22,33,3,698,92
Spear Goblins,18,3,52,5,7,11,21,0,8,315,0,1,157,5,2,19,184,2,79,78,18,0,2,18,8,5,5,0,5,36,478,12,21,1,5,3,15,11,46,36,19,30,88,106,4,38,62,3,23,142,2,32,33,8,11,3,50,22,72,2,12,6,130,58,27,13,458,20,130,11,18,313,9,55,2,3,52,49,18,6,1,22,31,26,5,9,17,12,110,134,5,109,29,38,0,27,298,1,4,143,160,211,2,1,2,162,6
Tesla,143,278,24,3,16,8,11,1,3,39,0,1,1,109,2,1,5,0,41,39,121,0,49,328,15,5,20,0,10,215,385,81,1,0,4,0,1,62,20,140,0,87,18,1,1,17,67,0,11,114,3,137,5,28,241,108,3,1,396,0,21,3,27,7,13,5,109,11,0,4,42,4,0,38,0,14,44,4,131,0,0,0,447,89,5,6,2,0,23,8,0,9,803,1,27,0,933,0,2,260,404,63,0,0,500,18,0
The Log,1299,400,45,45,56,217,9,7,29,700,10,23,194,315,44,1352,278,7,324,643,882,22,197,1441,237,191,274,10,108,1710,2382,147,879,16,23,28,74,918,62,963,87,556,133,20,13,121,628,20,26,1013,210,1186,643,816,1013,140,52,1094,650,8,438,38,248,15,172,143,1413,325,200,39,337,1032,350,1064,21,45,558,87,835,6,20,113,1567,603,416,918,391,25,627,198,13,597,3234,12,298,933,0,218,228,858,1558,437,9,19,636,90,533
Three Musketeers,12,0,18,2,0,183,276,4,6,29,1,58,5,6,2,7,5,2,47,0,7,0,6,18,2,353,501,1,4,16,28,0,10,4,8,3,30,13,9,0,14,9,26,1,0,6,426,14,0,28,499,8,226,408,11,0,2,0,2,2,3,4,11,5,1,3,58,23,76,12,239,1,12,1,0,8,8,3,0,2,1,0,2,0,477,1,213,11,5,0,1,7,37,0,1,0,218,0,3,7,2,0,0,2,0,188,8
Tombstone,41,38,511,561,356,2,518,0,212,16,4,0,0,100,73,0,58,5,57,9,23,16,172,49,47,5,4,4,6,17,741,6,155,180,46,2,17,275,63,3,0,54,1,6,0,1,145,132,632,77,2,15,58,13,0,293,490,2,33,553,346,15,56,5,509,44,233,46,4,120,56,1,136,28,146,7,336,4,3,2,0,1,8,4,14,159,15,12,30,5,356,751,18,1,4,2,228,3,0,668,284,3,11,3,1,352,440
Tornado,372,82,92,1483,477,88,1407,53,16,106,135,10,246,1419,519,582,253,50,591,52,212,535,1884,232,529,147,196,129,222,377,505,35,97,38,522,14,85,511,42,77,936,489,17,21,13,107,1682,628,596,112,132,159,121,14,194,595,1161,133,156,9,1577,569,653,33,485,23,292,236,35,19,977,147,407,51,416,218,346,54,32,79,14,5,762,37,301,50,9,12,165,45,160,361,1216,197,143,260,858,7,668,0,778,250,31,32,134,335,265
Valkyrie,396,132,225,220,163,7,159,1,10,200,0,0,214,237,117,141,47,2,10,216,129,6,16,378,133,10,3,0,121,731,940,87,7,23,159,7,10,20,128,491,20,385,24,4,11,101,5,7,370,668,1,277,35,9,337,220,240,718,1,111,55,17,209,12,107,1,749,19,17,57,33,531,4,221,5,21,378,15,409,9,4,3,743,78,3,23,16,2,160,54,56,56,938,2,160,404,1558,2,284,778,0,461,11,11,125,143,110
Wall Breakers,66,4,54,0,1,158,93,0,7,269,0,0,257,164,0,71,25,0,27,291,10,0,0,30,8,44,1,0,1,311,609,24,5,0,1,0,0,14,37,55,5,573,6,0,0,19,74,0,0,159,2,0,48,30,14,3,20,403,35,0,5,0,263,176,1,44,461,85,2,15,27,12,0,123,0,4,48,56,65,4,0,10,36,26,88,3,2,60,237,15,0,156,240,1,211,63,437,0,3,250,461,0,2,1,0,177,5
Witch,0,0,150,4,13,3,8,0,8,52,1,1,2,2,19,0,13,20,74,1,3,2,9,0,25,15,5,13,1,1,30,4,11,9,22,3,114,37,50,0,1,4,1,3,17,0,8,4,105,3,1,14,1,0,1,1,50,3,0,0,9,12,2,20,10,0,11,44,19,26,30,0,0,5,6,5,5,7,6,51,0,0,0,2,2,1,1,0,96,19,2,54,3,22,2,0,9,0,11,31,11,2,0,4,0,57,22
Wizard,0,0,13,1,16,5,2,0,18,14,0,1,0,2,4,1,1,6,26,1,2,0,3,1,13,8,29,0,0,1,12,0,0,1,17,2,31,17,2,10,0,1,5,8,0,3,3,6,5,4,1,23,0,0,2,3,6,5,9,1,8,11,0,8,3,0,16,27,29,24,18,0,0,1,6,18,2,3,1,25,0,0,3,0,2,5,1,0,26,1,0,0,4,33,1,0,19,2,3,32,11,1,4,0,0,42,0
X-Bow,196,278,0,1,0,3,2,1,13,8,0,0,1,33,0,26,4,0,2,2,2,0,0,270,1,2,125,0,5,150,283,8,1,0,0,0,0,9,12,0,1,0,0,1,1,3,10,1,0,1,0,0,19,66,153,95,1,4,343,0,0,0,0,0,7,3,1,108,0,2,19,10,0,26,0,5,0,0,1,1,0,0,235,20,0,1,0,0,1,0,0,1,594,3,2,500,636,0,1,134,125,0,0,0,0,4,1
Zap,147,41,739,148,626,613,127,2,344,683,30,453,17,238,35,34,30,4,572,31,10,76,61,27,946,480,232,37,80,48,1238,23,61,21,69,6,625,78,5,35,43,39,140,408,10,37,249,259,70,174,357,131,86,115,35,36,473,26,29,504,65,222,344,364,919,34,750,754,320,426,346,43,89,207,290,528,146,316,19,390,52,3,17,4,518,41,22,7,280,73,306,49,92,698,162,18,90,188,352,335,143,177,57,42,4,0,78
Zappies,50,1,571,60,18,14,298,2,33,37,0,2,11,97,62,61,84,19,66,10,119,7,136,266,16,17,6,6,4,20,755,34,556,299,64,10,43,580,59,40,304,77,2,41,13,2,336,16,379,14,11,5,246,2,3,7,299,8,1,2,167,8,89,31,45,14,27,47,4,9,165,27,447,17,18,25,51,7,5,43,12,2,21,6,37,506,326,297,231,22,5,591,37,92,6,0,533,8,440,265,110,5,22,0,1,78,0
